R1=5000000;
R2=5000000;
R3=5000000;
C1=100e-6;
C2=100e-6;
